0000000000010001
0000000000000101
0000000000100001
0000000000000101
0000000000000010
0000000000000010
0000000000000010
0000000000000010
0000000000001100
0000000000000000
0000000000000010
0000000000000010
0000000000000000
0000000000000010
0000000000000000
0000000001000010
0000000000000010
0000000000000010
0000000000000000
0000000000001010
0000000000000101
0000000000100110
0000000000000111
0000000000001100
0000000000000010
0000000000000101
0000000000001010
0000000000000101
0000000000001010
0000000000000111
0000000000011001
0000000000000000
0000000000001100
0000000000000111
0000000000001010
0000000000000010
0000000000011001
0000000000101011
0000000000000010
0000000000000101
0000000000000101
0000000000001010
0000000000000010
0000000000001111
0000000000000101
0000000000000111
0000000000000101
0000000000000101
0000000000001100
0000000000000010
0000000000000111
0000000000000010
0000000000000010
0000000000000101
0000000000000111
0000000000101011
0000000000000101
0000000000100110
0000000000000000
0000000000001010
0000000000010111
0000000000000000
0000000000100011
0000000000011001
0000000000000111
0000000000110011
0000000000001010
0000000000000010
0000000000000010
0000000000000010
0000000000001010
0000000000010111
0000000000010001
0000000000000000
0000000000000111
0000000000000010
0000000000000111
0000000000000010
0000000000000010
0000000000000010
0000000000000101
0000000000011100
0000000000001100
0000000000010001
0000000000000101
0000000000101000
0000000000000111
